0.44341775039927 0.535774832061378 0.825789487805532 0.82236827497391 8.64972719014529 0.825789487805369
0.288501026694045 0.378222078215135 0.732070510584637 0.203255101361103 5.75672767038321 0.732070510584492
0.364704540269222 0.115310621358437 0.681977945319417 0.410973199813487 5.75672767038321 0.681977945319282
0.388888888888889 0.739861483182994 0.444608408682354 0.546173146523969 15.8822259895505 0.444608408682266
0.191193246634725 0.486767420196608 0.311072952161198 0.347669693807314 5.75672767038321 0.311072952161136
0.140428929956651 0.55776162841157 0.51852646829975 0.512223283078358 15.8822259895505 0.518526468299648
0.593543235227013 0.231489142572802 0.470714496525449 0.534427248706619 5.75672767038321 0.470714496525356
0.835957107004335 0.275245760309204 0.798690671031097 0.562004574016919 10.0962269500263 0.798690671030939
0.284964636094 0.49696524350377 0.522819350165007 0.434154139929391 5.75672767038321 0.522819350164904
0.252566735112936 0.502693382552899 0.494915618040836 0.386815285209938 7.20322743026425 0.494915618040738
0.260438056125941 0.204005647135063 0.615089479756379 0.212092279681151 5.75672767038321 0.615089479756257
0.62445813369838 0.0953084226788018 0.526119503098924 0.739081199902303 8.64972719014529 0.52611950309882
0.692448094912161 0.559193663173852 0.789219500415873 0.51448808757244 14.4357262296694 0.789219500415717
0.339493497604381 0.479303481435622 0.635427007593035 0.238781446366321 5.75672767038321 0.635427007592909
0.126853753137121 0.362990435743588 0.677872877035765 0.532584319559473 7.20322743026425 0.677872877035631
0.317020305726671 0.383299292372317 0.352848058812482 0.349246175366921 8.64972719014529 0.352848058812412
0.301277663700662 0.521729319392933 0.381261570658152 0.385594067100384 7.20322743026425 0.381261570658077
0.078941364362309 0.317469088300131 0.669850554050066 0.278038057597087 5.75672767038321 0.669850554049933
0.180241843486197 0.468281153265329 0.453140511389552 0.509958478584275 12.9892264697884 0.453140511389463
0.447182295231576 0.653592237503689 0.349333261785302 0.462863867486733 7.20322743026425 0.349333261785233
0.157426420260096 0.185577240194178 0.645112822301521 0.546173146523969 7.20322743026425 0.645112822301394
0.866301619895049 0.456260740260717 0.55547208285262 0.554099962253258 21.6682250290746 0.55547208285251
0.258612822267853 0.0712198621775029 0.64412009337018 0.213446721584475 7.20322743026425 0.644120093370053
0.406913073237509 0.417378826715115 0.696198116498081 0.490707640384573 5.75672767038321 0.696198116497944
0.422769792379649 0.832625512784165 0.411365404738268 0.706863245775696 27.4542240685988 0.411365404738187
0.238307095596623 0.545712285411761 0.364412009337018 0.319892532806359 8.64972719014529 0.364412009336946
0.219142140086699 0.427055910108719 0.376136942931502 0.301152385816107 8.64972719014529 0.376136942931427
0.415240702715035 0.474486637235218 0.646615330954361 0.475475719963586 10.0962269500263 0.646615330954234
0.859000684462697 0.20999415614097 0.38279090982265 0.771610009547705 7.20322743026425 0.382790909822575
0.321697467488022 0.52663295357893 0.662820959995707 0.532584319559473 20.2217252691936 0.662820959995576
0.243098334474105 0.67703999861136 0.248262724370154 0.42485067833115 7.20322743026425 0.248262724370105
0.635295459730778 0.164212438740735 0.602184003648949 0.292626063014854 7.20322743026425 0.60218400364883
0.143280857859913 0.452861465824997 0.541761691395455 0.381219885871617 5.75672767038321 0.541761691395348
0.623773671001597 0 0.7505567331169 0.247618624686369 4.31022791050217 0.750556733116752
0.254163814738763 0.424524535528927 0.521450994070457 0.408153296178698 14.4357262296694 0.521450994070354
0.267054528861511 0.119052716237249 0.729414289930509 0.289894975242578 5.75672767038321 0.729414289930365
0.346452201688341 0.448883591485324 0.478602666952859 0.551835157759176 14.4357262296694 0.478602666952764
0.383299110198494 0.490745294536281 0.566096965469131 0.21184803605924 2.86372815062113 0.566096965469019
0.59958932238193 0.457244360097436 0.753239784282686 0.457890179186003 18.7752255093126 0.753239784282538
0.491786447638604 0.498339418275657 0.570148372729468 0.416346559495526 7.20322743026425 0.570148372729355
0.425507643166781 0.213133060619912 0.441549730353358 0.275839864999889 4.31022791050217 0.441549730353271
0.118754277891855 0.570982636216882 0.444742561240643 0.523525101583143 8.64972719014529 0.444742561240555
0.573465662788045 0.0816867344400021 0.52805129993829 0.187423673868153 4.31022791050217 0.528051299938186
0.563540953684691 0.299026216361648 0.677416758337581 0.501876235095588 5.75672767038321 0.677416758337448
0.198266027834816 0.277082815004253 0.412733760832819 0.293247774052446 4.31022791050217 0.412733760832738
0.179785535021675 0.322068957536553 0.728341069464195 0.435264338210805 8.64972719014529 0.728341069464051
0.0795117499429614 0.647140848574619 0.286120576319391 0.231098874258943 7.20322743026425 0.286120576319334
0.478781656399726 0.310656074431092 0.693756539937217 0.512223283078358 7.20322743026425 0.69375653993708
0.159707962582706 0.336635210118555 0.593812884011698 0.26165153096343 5.75672767038321 0.593812884011581
0.161761350673055 0.244073690483767 0.451235545061844 0.232231276505984 7.20322743026425 0.451235545061755
0.616016427104723 0.496082878650242 0.523087655281586 0.502031662854986 7.20322743026425 0.523087655281483
0.11761350673055 0.254560813742905 0.493627753481259 0.499766858360903 8.64972719014529 0.493627753481161
0.356719142140087 0.539767171398649 0.369375653993722 0.530319515065391 4.31022791050217 0.369375653993649
0.474446725986767 0.441434117721936 0.69458828579861 0.202122699114062 5.75672767038321 0.694588285798473
0.0257814282454939 0.388246321551111 0.186391564487135 0.509958478584275 4.31022791050217 0.186391564487098
0.488934519735341 0.294397417130029 0.488368973196319 0.381974820702978 5.75672767038321 0.488368973196222
0.185147159479809 0.145465801852677 0.516701993507016 0.196460687878855 7.20322743026425 0.516701993506914
0.0723248916267395 0.40527162372491 0.601996190067345 0.17865310744499 10.0962269500263 0.601996190067226
0.631873146246863 0.331456740978181 0.724531136808779 0.336789750649466 7.20322743026425 0.724531136808636
0.345881816107689 0.279903489536021 0.546939980145421 0.487310433643449 8.64972719014529 0.546939980145313
0.405430070727812 0.145104176912707 0.747659037857852 0.358349801274508 7.20322743026425 0.747659037857704
0.11088295687885 0.500668282889065 0.523973062166295 0.525789906077225 7.20322743026425 0.523973062166192
0.470225872689938 0.404230143897796 0.705696117624963 0.542775939782845 7.20322743026425 0.705696117624824
0.0304585900068446 0.50596247201023 0.0918408414048458 0.526922308324267 4.31022791050217 0.0918408414048277
0.190622861054073 0.0276903449034027 0.818196453006359 0.684237404800497 7.20322743026425 0.818196453006197
0.792037417294091 0.10469331312091 0.458157817069571 0.202122699114062 4.31022791050217 0.458157817069481
0.161647273556924 0.724485190735458 0.142067559228355 0.517885294313564 10.0962269500263 0.142067559228327
0.499429614419348 0.0397686178984094 0.728099594859274 0.308413082576548 7.20322743026425 0.72809959485913
0.892995665069587 0.923697137666275 0.418368168280969 0.597086839709572 28.9007238284798 0.418368168280886
0.602783481633584 0.167814223142839 0.71637466126479 0.502031662854986 7.20322743026425 0.716374661264649
0.137234770704997 0.649614363164016 0.432722492017923 0.358305393343251 10.0962269500263 0.432722492017837
0.628564909879078 0.346630523459333 0.165195460277428 0.491840042631614 7.20322743026425 0.165195460277395
0.196440793976728 0.496010553662248 0.5960398164793 0.176765770366587 7.20322743026425 0.596039816479182
0.347250741501255 0.5075391567485 0.66327707869389 0.489575238137531 8.64972719014529 0.66327707869376
0.161305042208533 0.32429656716677 0.819162351426041 0.249883429180452 10.0962269500263 0.81916235142588
0.450718685831622 0.479014181483646 0.423895253682488 0.391566933854386 8.64972719014529 0.423895253682404
0.363677846224047 0.175769971822185 0.887311851036999 0.28745253902347 7.20322743026425 0.887311851036824
0.592060232717317 0.299329981311223 0.738268358777602 0.736239092301885 8.64972719014529 0.738268358777456
0.487793748574036 0.499453223090765 0.314238952536825 0.500899260607945 5.75672767038321 0.314238952536763
0.16278804471823 0.120788515949106 0.765903785785195 0.525789906077225 7.20322743026425 0.765903785785043
0.229865389002966 0.108805711938252 0.684365860856966 0.548437951018052 5.75672767038321 0.684365860856831
0.117043121149897 0.369398429679861 0.565506694212659 0.179496858138864 7.20322743026425 0.565506694212547
0.632785763175907 0.483917815669643 0.834294760001073 0.541643537535804 18.7752255093126 0.834294760000909
0.200775724389687 0.380319502866962 0.574682729199646 0.1104647290006 8.64972719014529 0.574682729199532
0.226899383983573 0.27128235096713 0.594403155268171 0.607478295623598 8.64972719014529 0.594403155268054
0.688113164499202 0.104437282663411 0.574414424083067 0.138752581211004 7.20322743026425 0.574414424082954
0.323750855578371 0.415802141976844 0.438920340210888 0.345404889313231 5.75672767038321 0.438920340210801
0.290554414784394 0.496661478554195 0.498403584556357 0.534849124053556 5.75672767038321 0.498403584556259
0.134154688569473 0.356567976809716 0.0763059751549462 0.48844283589049 7.20322743026425 0.0763059751549312
0.39151266255989 0.619020893242532 0.135225778755601 0.372427115482825 11.5427267099074 0.135225778755574
0.755304585900068 0.153956755443179 0.648412975235438 0.861691498101561 10.0962269500263 0.64841297523531
0.777093315080995 0.062597277108852 0.755520377773604 0.78035837200524 8.64972719014529 0.755520377773455
0.214122746976956 0.230838217680856 0.681360843551286 0.197593090125897 8.64972719014529 0.681360843551152
0.65617157198266 0.498845693191615 0.564406643234687 0.502031662854986 7.20322743026425 0.564406643234575
0.0200775724389688 0.437051223449497 0.462343376888197 0.44629970912805 5.75672767038321 0.462343376888106
0.167237052247319 0.352373127506061 0.849561321134394 0.563136976263961 15.8822259895505 0.849561321134226
0.272416153319644 0.53210072267128 0.629685278098253 0.50835979305904 8.64972719014529 0.629685278098129
0.600616016427105 0.155562370176647 0.841512167637037 0.335213269089859 10.0962269500263 0.841512167636871
0.335843029888204 0.372551799156401 0.338305921493923 0.457890179186003 5.75672767038321 0.338305921493856
0.147729865389003 0.34885813308955 0.507284483915108 0.154584008703955 10.0962269500263 0.507284483915008
0.0250969655487108 0.40454837384497 0.302809154570578 0.328885138885805 7.20322743026425 0.302809154570518
0.0885238421172713 0.599623331462527 0.440691153980306 0.409463330150765 8.64972719014529 0.440691153980219
0.557951174994296 0.598552921640215 0.325373614874836 0.471345782356729 11.5427267099074 0.325373614874771
0.29192334017796 0.503416632432839 0.406509082128196 0.299464884428359 5.75672767038321 0.406509082128116
0.236481861738535 0.433550694030585 0.476670870113493 0.363523325265892 10.0962269500263 0.476670870113399
0.369267624914442 0.637434835185817 0.637090499315822 0.930501587583542 24.5612245488367 0.637090499315696
0.334360027378508 0.333597560622805 0.643234686485471 0.524657503830184 18.7752255093126 0.643234686485344
0.447638603696099 0.383574127326695 0.295618577446272 0.439749539267713 8.64972719014529 0.295618577446214
0.40041067761807 0.210992240975288 0.497410855625017 0.212314319337434 5.75672767038321 0.497410855624919
0.762947752680812 1 0.445788951195299 0.393387659035904 27.4542240685988 0.445788951195211
0.461213780515629 0.389287801378225 0.876311341257278 0.523525101583143 12.9892264697884 0.876311341257105
0.109057723020762 0.33183283091575 0.665611333208124 0.292670470946111 5.75672767038321 0.665611333207993
0.211498973305955 0.438367538230989 0.0308550884065359 0.50542886959611 7.20322743026425 0.0308550884065298
0.243098334474105 0.226788018353189 0.935928738161037 0.189666274396607 15.8822259895505 0.935928738160852
0.518708647045403 0.0917601587678137 0.669957876096697 0.825032750849302 7.20322743026425 0.669957876096565
0.383869495779147 0.433811063987363 0.393040165275952 0.207318427071075 7.20322743026425 0.393040165275874
0.632671686059776 0.528079453338811 0.490595905663921 0.520150098807647 8.64972719014529 0.490595905663824
0.252110426648414 0.393164420734706 0.335783853398084 0.552967560006217 11.5427267099074 0.335783853398018
0.467031713438284 0.31651439845861 0.551554828150573 0.308657326198459 7.20322743026425 0.551554828150464
0.238877481177276 0.481212861118665 0.590244425961203 0.289606323689411 7.20322743026425 0.590244425961087
0.167122975131189 0.58889030324421 0.53143194440718 0.525789906077225 7.20322743026425 0.531431944407075
0.236253707506274 0.190408549392181 0.271551608489174 0.524657503830184 5.75672767038321 0.27155160848912
0.31667807437828 0.369629869641442 0.577338949853774 0.294224748540089 5.75672767038321 0.57733894985366
0.842003194159252 0.320984082716642 0.501945212095195 0.878677531807181 12.9892264697884 0.501945212095096
0.514373716632444 0.476135646961483 0.389257063132194 0.456025046073229 7.20322743026425 0.389257063132117
0.403490759753593 0.448912521480521 0.403423573287543 0.428469924728556 8.64972719014529 0.403423573287463
0.442619210586356 0.246142185140397 0.875023476697701 0.463108111108644 10.0962269500263 0.875023476697528
0.320442619210587 0.213726125521463 0.695473692683319 0.10253791327131 4.31022791050217 0.695473692683182
0.119438740588638 0.169405372878708 0.844168388291165 0.545040744276928 5.75672767038321 0.844168388290998
0.422655715263518 0.311784344243799 0.254648386144724 0.539378733041721 7.20322743026425 0.254648386144674
0.719142140086699 0.14299228726328 0.840948726892222 0.232675355818549 7.20322743026425 0.840948726892056
0.290668491900525 0.436197788591167 0.75168361460653 0.51448808757244 5.75672767038321 0.751683614606382
0.632215377595254 0.24622897512599 0.836977811166859 0.138530541554722 7.20322743026425 0.836977811166694
0.123317362537075 0.293269147317322 0.269405167556545 0.485045629149366 7.20322743026425 0.269405167556492
0.274013232945471 0.514627005571917 0.590378578519492 0.470279992006572 10.0962269500263 0.590378578519376
1 0.576522730297227 0.688631912210566 0.998867597752959 21.6682250290746 0.68863191221043
0.430527036276523 0.376790043452853 0.783799737060986 0.219774851788529 7.20322743026425 0.783799737060831
0.601300479123888 0.54109795117774 0.634595261731641 0.563136976263961 11.5427267099074 0.634595261731516
0.410677618069815 0.454365825575273 0.307558155134018 0.280280658125541 5.75672767038321 0.307558155133958
0.0840748345881816 0.494694238880756 0.470875479595396 0.390967426782423 8.64972719014529 0.470875479595303
0.765001140771161 0.299662676255996 0.388022859595932 0.512223283078358 7.20322743026425 0.388022859595856
0.479237964864248 0.28635487846509 0.711786643771297 0.619179785509692 10.0962269500263 0.711786643771156
0.825462012320329 0.244507640411732 0.523731587561375 0.32078069143149 7.20322743026425 0.523731587561271
0.432352270134611 0.421240981073997 0.574280271524778 0.219552812132247 5.75672767038321 0.574280271524665
0.198722336299338 0.289667362915218 0.675780097126452 0.349712458645114 7.20322743026425 0.675780097126319
0.734086242299795 0.0699483888885675 0.752273885863003 0.32027000022204 5.75672767038321 0.752273885862855
0 0.42411951559616 0.27611279547101 0.307325088260763 2.86372815062113 0.276112795470955
0.479466119096509 0.389823006289381 0.675833758149768 0.348424628638675 14.4357262296694 0.675833758149634
0.54061145334246 0.384933837100983 0.611145394542674 0.158669538379555 8.64972719014529 0.611145394542553
0.513461099703399 0.483426005751283 0.271497947465858 0.541643537535804 5.75672767038321 0.271497947465805
0.498631074606434 0.191811654159265 0.698559201523973 0.491840042631614 7.20322743026425 0.698559201523835
0.212525667351129 0.155330930215066 0.837755896004936 1 5.75672767038321 0.837755896004771
0.237736710015971 0.29791241154654 0.559067371414773 0.281124408819415 7.20322743026425 0.559067371414662
0.475929728496464 0.155504510186251 0.845778218990636 0.325487932144681 4.31022791050217 0.845778218990469
0.104494638375542 0.12499783025036 0.751012851815084 0.292670470946111 5.75672767038321 0.751012851814936
0.736025553274013 0.502389617603323 0.375466180140055 0.195861180806892 8.64972719014529 0.375466180139981
0.201688341318732 0.111230045535812 0.790641517533739 0.439571907542687 7.20322743026425 0.790641517533583
0.358544375998175 0.342233164189295 0.600118054251294 0.192619401825166 2.86372815062113 0.600118054251176
0.681382614647502 0.437340523401473 0.116498081618417 0.294935275440194 7.20322743026425 0.116498081618394
0.10631987223363 0.564516782290214 0.0852673660486706 0.347691897772942 4.31022791050217 0.0852673660486538
0.211955281770477 0.409943817949326 0.523087655281586 0.346848147079068 2.86372815062113 0.523087655281483
0.236938170203057 0.636046195416332 0.239972096267876 0.542775939782845 15.8822259895505 0.239972096267828
0.531827515400411 0.470436437907551 0.678516809315554 0.487821124852899 8.64972719014529 0.67851680931542
0.207962582705909 0.549675694753835 0 0.504296467349069 5.75672767038321 0
0.552247319187771 0.0754552134744346 0.509538246894368 0.526922308324267 8.64972719014529 0.509538246894268
0.513232945471138 0.542573380932819 0.28550347455126 0.169305237915492 7.20322743026425 0.285503474551203
0.564681724845996 0.617993878413016 0.654181535241877 0.499766858360903 8.64972719014529 0.654181535241748
0.560803102897559 0.229608692884957 0.658340264548845 0.434886870795124 11.5427267099074 0.658340264548715
0.0624001825233857 0.698911074980762 0.0538756674089775 0.427692785931567 7.20322743026425 0.0538756674089669
0.306068902578143 0.467283068431011 0.556196506667382 0.513355685325399 8.64972719014529 0.556196506667272
0.783367556468173 0.498701043215627 0.427544203267956 0.546173146523969 11.5427267099074 0.427544203267872
0.299110198494182 0.555042208862993 0.405945641383381 0.479849901192353 11.5427267099074 0.405945641383301
0.487109285877253 0.222925863994307 0.554908642107805 0.321402402469081 11.5427267099074 0.554908642107696
0.646246862879306 0.237144956633937 0.273751710445118 0.446632768612474 7.20322743026425 0.273751710445064
0.215605749486653 0.438222888255001 0.6604062139465 0.240735395341608 5.75672767038321 0.660406213946369
0.596623317362537 0.346471408485746 0.242708808456977 0.529187112818349 7.20322743026425 0.242708808456929
0.608031028975587 0.249367879604932 0.496874245391859 0.532584319559473 7.20322743026425 0.496874245391761
0.228382386493269 0.370656884470957 0.689866115746827 0.495237249372738 7.20322743026425 0.689866115746691
0.793178188455396 0.512804415874467 0.334415497303534 0.580123009969581 15.8822259895505 0.334415497303468
0.605749486652977 0.35043481782782 0.551608489173889 0.314163909674268 12.9892264697884 0.55160848917378
0.272530230435775 0.33134102099739 0.61645783585093 0.242866976041921 10.0962269500263 0.616457835850808
0.733173625370751 0.153363690541627 0.73679268063642 0.377778271199236 8.64972719014529 0.736792680636274
0.49771845767739 0.365521810323379 0.587802849400338 0.303617026000844 7.20322743026425 0.587802849400222
0.566506958704084 0.70342415423159 0.465697190845429 0.542775939782845 20.2217252691936 0.465697190845338
0.75553274013233 0.0958928085817938 0.987926269753964 0 15.8822259895505 0.987926269753769
0.696554871092859 0.426274800238383 0.197284752220225 0.551835157759176 10.0962269500263 0.197284752220186
0.127424138717773 0.584131319034201 0.47382683587776 0.884783622354953 8.64972719014529 0.473826835877667
0.467488021902806 0.396187605232858 0.597971613318666 0.537113928547639 8.64972719014529 0.597971613318548
0.202943189596167 0.359909391255041 0.0803573824152826 0.502031662854986 7.20322743026425 0.0803573824152667
0.505703855806525 0.582713749269518 0.264978133132999 0.493571951950618 7.20322743026425 0.264978133132946
0.0941136208076659 0.628032586746591 0.412948404926082 0.440238026511535 11.5427267099074 0.412948404926
0.126853753137121 0.260722902719998 0.701161761154785 0.224770744054888 8.64972719014529 0.701161761154647
0.0886379192334017 0.57526427550613 0.26846609964852 0.283389213313498 7.20322743026425 0.268466099648467
0.305156285649099 0.481849321013013 0.291942797349146 0.529187112818349 7.20322743026425 0.291942797349088
0.278690394706822 0.32234379249093 0.741568511711518 0.390212491951063 7.20322743026425 0.741568511711372
0.59034907597536 0.456550040212693 0.399130691422285 0.480538224126829 5.75672767038321 0.399130691422207
0.202372804015515 0.529844183045866 0.237342706125406 0.308501898439061 8.64972719014529 0.237342706125359
0.389801505817933 0.190712314341756 0.635829465267903 0.303750249794613 7.20322743026425 0.635829465267777
0.287930641113393 0.279932419531218 0.716669796893027 0.486178031396407 7.20322743026425 0.716669796892885
0.792037417294091 0.444139072272914 0.234498671889673 0.786086995137331 11.5427267099074 0.234498671889627
0.0183664156970111 0.368935549756699 0.766333073971721 0.486178031396407 4.31022791050217 0.766333073971569
0.198266027834816 0.446077381951155 0.560274744439376 0.4049337211626 7.20322743026425 0.560274744439266
0.783937942048825 0.738400518425514 0.415631456091868 0.546173146523969 20.2217252691936 0.415631456091786
0.281200091261693 0.494752098871152 0.24179657106061 0.57106379199325 12.9892264697884 0.241796571060563
0.427789185489391 0.601011971232013 0.108851385795927 0.524657503830184 10.0962269500263 0.108851385795906
0.193360711841205 0.0382946346430906 0.637627109548979 0.436396740457846 7.20322743026425 0.637627109548853
0.30082135523614 0.485537895400709 0.632743956427249 0.530319515065391 26.0077243087178 0.632743956427124
0.56342687656856 0.622854117606217 0.615357784872957 0.727246486222439 7.20322743026425 0.615357784872836
0.347250741501255 0.619180008216119 0.417321778326313 0.710482492173102 8.64972719014529 0.41732177832623
0.572667122975131 0.360791756108569 0.74806149553272 0.549570353265093 7.20322743026425 0.748061495532572
0.327743554642939 0.106557851311397 0.768318531834402 0.700046628327819 7.20322743026425 0.76831853183425
0.687542778918549 0.133966128761623 0.597086206433956 0.463330150764927 5.75672767038321 0.597086206433839
0.2782340862423 0.526401513617349 0.742695393201148 0.511090880831316 10.0962269500263 0.742695393201002
0.237280401551449 0.234223027118977 0.826540742131952 0.310389235517463 7.20322743026425 0.826540742131789
0.359114761578827 0.271774160885489 0.641356550669421 0.254190998512334 12.9892264697884 0.641356550669295
0.679101072324892 0.31408427886201 0.48222478602667 0.485267668805649 8.64972719014529 0.482224786026574
0.222108145106092 0.390300351210142 0.678194843175659 0.521282501054688 5.75672767038321 0.678194843175526
0.470339949806069 0.52857126325717 0.531109978267286 0.2587206075005 8.64972719014529 0.531109978267181
0.389573351585672 0.620944737923174 0.0663518553298813 0.542775939782845 11.5427267099074 0.0663518553298682
0.0991330139174082 0.368501599828734 0.832443454696681 0.212314319337434 5.75672767038321 0.832443454696517
0.356719142140087 0.0975996782984534 0.728689866115747 0.206252636720918 4.31022791050217 0.728689866115603
0.764202600958248 0.65819210674011 0.409138472270666 0.353820192286342 18.7752255093126 0.409138472270585
0.375884097650011 0.170880802633787 0.549757183869496 0.215711526078558 4.31022791050217 0.549757183869388
0.764887063655031 0.513831430703983 0.264495183923157 0.521282501054688 14.4357262296694 0.264495183923105
0.407825690166553 0.48540771042232 0.650720399238014 0.709461109754202 12.9892264697884 0.650720399237885
0.304471822952316 0.221146669289653 0.520887553325642 0.528054710571308 5.75672767038321 0.520887553325539
0.375085557837098 0.475224352112757 0.741407528641571 0.442058751693052 26.0077243087178 0.741407528641425
0.342231348391513 0.66257500101255 0.458023664511282 0.512223283078358 15.8822259895505 0.458023664511192
0.833789641797856 0.848594870133252 0.464597139867457 0.576725803228457 28.9007238284798 0.464597139867365
0.499657768651608 0.481444301080246 0.392047436344611 0.393165619379621 4.31022791050217 0.392047436344534
0.325347935204198 0.618977498249735 0.313460867698747 0.316428714168351 8.64972719014529 0.313460867698685
0.901437371663245 0.385179742060163 0.877518714281881 0.742278570952772 18.7752255093126 0.877518714281708
0.237394478667579 0.54681162522927 0.213919669448096 0.509958478584275 12.9892264697884 0.213919669448054
0.607460643394935 0.342696044112457 0.742588071154517 0.227013344583343 7.20322743026425 0.74258807115437
0.155030800821355 0.280655669411159 0.606369563467575 0.284055332282346 2.86372815062113 0.606369563467456
0.199292721879991 0.363236340702767 0.533149097153283 0.427559562137798 8.64972719014529 0.533149097153177
0.605521332420716 0.284199593822867 0.699551930455314 0.321402402469081 7.20322743026425 0.699551930455175
0.590234998859229 0.195312183578178 1 0.256455803006417 14.4357262296694 0.999999999999803
0.168834131873146 0.199651682857821 0.581631831719031 0.664320447631947 7.20322743026425 0.581631831718916
0.0339949806068903 0.271817555878286 0.5466985055405 0.515620489819482 7.20322743026425 0.546698505540393
0.335500798539813 0.544974570534221 0.30541171420139 0.385816106756667 7.20322743026425 0.30541171420133
0.0134610997033993 0.415064427099305 0.530358723940865 0.11836934076426 5.75672767038321 0.530358723940761
0.0650239561943873 0.192187744096834 0.63134876982104 0.448697737415902 4.31022791050217 0.631348769820916
0.164727355692448 0.363496710659546 0.320839258404658 0.512223283078358 7.20322743026425 0.320839258404595
0.0479123887748118 0.620800087947186 0.265300099272893 0.368719053222906 7.20322743026425 0.265300099272841
0.517111567419575 0.600838391260827 0.0941214348957635 0.497502053866821 5.75672767038321 0.0941214348957449
0.362993383527264 0.460585774542761 0.433500576856001 0.31260963208029 5.75672767038321 0.433500576855915
0.245265799680584 0.728014650149568 0.546000912237396 0.537113928547639 17.3287257494315 0.546000912237289
0.674994296144193 0.227858428175501 0.435808000858576 0.418833403645891 7.20322743026425 0.43580800085849
0.34622404745608 0.554434678963843 0.397976979420998 0.522392699336101 11.5427267099074 0.397976979420919
0.443759981747662 0.427663440007869 0.759410801963994 0.479228190154762 11.5427267099074 0.759410801963844
0.0894364590463152 0.478869531507658 0.473236564621287 0.198503452716655 7.20322743026425 0.473236564621194
0.355464293862651 0.430831274482008 0.456735799951705 0.477562892732642 8.64972719014529 0.456735799951615
0.501254848277435 0.702382674404476 0.198250650639908 0.294269156471346 7.20322743026425 0.198250650639869
0.0728952772073921 0.020598156580706 0.851627270532049 0.196460687878855 7.20322743026425 0.851627270531881
0.159365731234314 0.420083781266092 0.424431863915645 0.519372960010658 12.9892264697884 0.424431863915561
0.175678758840976 0.475007377148775 0.325910225107993 0.167484512733974 2.86372815062113 0.325910225107928
0.378279717088752 0.548417239962738 0.253467843631778 0.525789906077225 20.2217252691936 0.253467843631728
0.504677161761351 0.578764804925042 0.441308255748437 0.520150098807647 8.64972719014529 0.44130825574835
0.306525211042665 0.337575434962478 0.653161975798878 0.371894220307747 5.75672767038321 0.653161975798749
0.600844170659366 0.512110095989724 0.434412814252368 0.535981526300597 7.20322743026425 0.434412814252282
0.472963723477071 0.514945235519091 0.524134045236243 0.474409929613429 8.64972719014529 0.524134045236139
0.765571526351814 0.337777944928861 0.660969654691315 0.119501743011302 11.5427267099074 0.660969654691184
0.696668948208989 0.107153809212468 0.657964637385635 0.85263228012523 7.20322743026425 0.657964637385505
0.219142140086699 0.264556127083683 0.705561965066674 0.3016186690943 4.31022791050217 0.705561965066535
0.413301391740817 0.516724430223745 0.295216119771404 0.522392699336101 7.20322743026425 0.295216119771346
0.310746064339494 0.0756432584432191 0.576104746317512 0.597819570575305 5.75672767038321 0.576104746317398
0.345425507643167 0.381462237677269 0.359314212122025 0.507693674090193 5.75672767038321 0.359314212121954
0.827857631759069 0.0954198031603127 0.593517748383462 0.454492972444879 7.20322743026425 0.593517748383344
0.30082135523614 0.579097499869815 0.500067076279144 0.346159824144592 7.20322743026425 0.500067076279046
0.509924709103354 0.133691293807245 0.667865096187384 0.71638874703022 7.20322743026425 0.667865096187252
0.454026922199407 0.375401403683367 0.700678811944944 0.183560183848835 5.75672767038321 0.700678811944805
0.608373260323979 0.498744438208423 0.2451772155295 0.524657503830184 14.4357262296694 0.245177215529452
0.478667579283596 0.119978476083573 0.54044699632422 0.512223283078358 7.20322743026425 0.540446996324113
0.30093543235227 0.134964213595941 0.753454428375949 0.96309700912583 7.20322743026425 0.7534544283758
0.0309148984713665 0.377788128287171 0.585844222049314 0.221373537313764 4.31022791050217 0.585844222049199
0.282911248003651 0.372059989238042 0.769794209975584 0.541643537535804 5.75672767038321 0.769794209975432
0.24435318275154 0.186097980107735 0.7655818196453 0.456291493660768 15.8822259895505 0.765581819645149
0.415925165411819 0.573036665875913 0.475087869925679 0.48269200879277 8.64972719014529 0.475087869925586
0.61533196440794 0.60141699116478 0.218856483593142 0.419410706752226 12.9892264697884 0.218856483593099
0.525895505361625 0.611658209464737 0.728099594859274 0.513355685325399 8.64972719014529 0.72809959485913
0.427789185489391 0.746631102059237 0.531780741058732 0.558629571241424 14.4357262296694 0.531780741058627
0.402349988592289 0.145075246917509 0.564004185559819 0.480982303439394 7.20322743026425 0.564004185559707
0.673739447866758 0.319682232932749 0.457755359394704 0.408908231010058 8.64972719014529 0.457755359394613
0.11989504905316 0.180977370957756 0.659118349386923 0.10253791327131 4.31022791050217 0.659118349386792
0.272416153319644 0.551382564470494 0.597569155643798 0.506561271843151 8.64972719014529 0.59756915564368
0.731120237280402 0.123016125579323 0.645676263046336 0.46277505162422 7.20322743026425 0.645676263046209
0.934633812457221 0.447306906747053 0.70134957473639 0.0690321291382641 14.4357262296694 0.701349574736252
0.999657768651608 0.624416337346888 0.723914035040648 0.413526655860737 21.6682250290746 0.723914035040505
0.473305954825462 0.404418188866581 0.428536932199297 0.48167062637387 2.86372815062113 0.428536932199212
0.855464293862651 0.345256348687446 0.773148023932816 0.471923085463064 10.0962269500263 0.773148023932663
0.504677161761351 0.381549027662861 0.298328459123716 0.286986255745276 5.75672767038321 0.298328459123657
0.320100387862195 0.0885069808078412 0.995170507901585 0.50542886959611 7.20322743026425 0.995170507901389
0.56776180698152 0.803059057692197 0.624480158836629 0.25283655660901 26.0077243087178 0.624480158836506
0.698722336299338 0.405705573652875 0.473853666389418 0.383595710193841 14.4357262296694 0.473853666389325
0.0991330139174082 0.550905219549734 0.689812454723511 0.160023980282879 5.75672767038321 0.689812454723375
0.297513118868355 0.466096938627908 0.482251616538327 0.25079379177121 7.20322743026425 0.482251616538232
0.461213780515629 0.308573114776863 0.568136084355129 0.31720585296534 5.75672767038321 0.568136084355017
0.171001597079626 0.425493690368047 0.478173378766333 0.251926194018252 8.64972719014529 0.478173378766238
0.175678758840976 0.48309331080651 0.521826621233667 0.334302906499101 15.8822259895505 0.521826621233564
