RMSE 9.61718519469984
Av. abs error 8.40602008435153
Pearson Correlation 0.390722075887284
Spearman Correlation 0.287549404076388
Orness 0.999999999941882
i Shapley i
1 0.249999999834371
2 0.249999999935315
3 0.249999999854579
4 0.249999999990817
binary number fm.weights
1 0.999999999987197
2 0.999999999999959
3 0.999999999983006
4 0.999999999992564
5 0.999999999840136
6 1.00000000001561
7 0.999999999637285
8 0.999999999995471
9 0.999999999977221
10 0.99999999999964
11 0.999999999982537
12 0.999999999995743
13 0.999999999821108
14 1.00000000001223
15 0.999999999615081
